Number of students:
7
Number of assignments:
6
Point total:
700
Number of class days:
12
*****Data below*****
Smith, Amy, 100, 90, 85, 90, 70, 180, 1, 1, 1, 1, 1, 1, 1, 1, 1, 1, 0, 0
Hart, Jim, 50, 92, 65, 82, 90, 100, 1, 1, 0, 1, 0, 1, 1, 1, 1, 1, 0, 0
Williams, Rachel, 90, 92, 89, 100, 67, 195, 0, 0, 0, 0, 0, 0, 1, 1, 1, 1, 0, 0
Doe, Jane, 80, 72, 65, 90, 39, 150, 1, 1, 1, 1, 1, 0, 1, 1, 1, 1,1,0 
Cook, John, 65, 55, 78, 99, 100, 166, 1, 1, 0, 0, 1, 0, 1, 1, 1, 1,1,0
Wilson, Kim, 90, 91, 93, 85, 75, 170, 0, 1, 1, 0, 0, 0, 1, 1, 1, 1,1,0
Eaves, Kerry, 90, 85, 100, 100, 100, 200,0,0,0,0,0,0,0,0,0,0,0,0